,MuseoRegionaldeGuadalajara,MUSAMuseodelasArtesUniversidaddeGuadalajara,MuseodelaCiudaddeGuadalajara,MuseoPalacioOcampo,MuseodePaleontologiadeGuadalajara,MuseodeArtedeZapopan,CasaMuseoLopezPortillo,MuseodelasArtesPopularesdeJalisco,MuseodelEjercitoyFuerzaAerea,MuseoDeSitioDelPalacioDeGobierno,ZoologicoGuadalajara,ElTejaban,AcuariodelZoologicoGuadalajara,Antartidaelreinodelospinguinos,Zoologico,ParqueVillaFantasia,VillaAustraliana,Herpetariolatierradelosreptilesyanfibios,NaturaPet,ZoologicodeEsculturasJuegos,ParqueRevolucion,ParqueMorelos,ParqueAlcalde,ParqueAguaAzul,ParqueExpiatorio,ParquedeLaLiberacion,ParqueSanJacinto,ParqueJardinesdelNilo,ParquelaCalma,ParqueGonzalezGallo,AndaresCentroComercial,ForumTlaquepaque,CentroComercialPlazaPatria,PlazaRealCenter,LaGranPlazaFashionMall,PuntoSur,CentroMagno,CentroSur,CentroComercialPlazaLomas,PlazaGaleriasGuadalajara,HotelRiuPlazaGuadalajara,HyattRegencyAndaresGuadalajara,FiestaAmericanaGuadalajara
MuseoRegionaldeGuadalajara,999,30.51358195,6.026813591,5.217403759,5.723307988,82.59022606,0.008060189,0.009984083,33.85364941,0.005816495,78.67500788,45.34465048,73.76494867,74.85082592,25.17144237,74.54701598,80.03363862,80.04160195,41.50468222,5.978997932,23.55330746,6.216686721,5.903678399,5.764085793,30.28397638,23.92921098,88.12549885,99.77079324,109.6376418,29.15800638,105.6851995,55.80236649,66.72728482,120.7465932,98.4820843,54.45075165,68.64158472,97.74113238,108.0235528,121.6903436,85.74879088,106.0625623,80.02479493
MUSAMuseodelasArtesUniversidaddeGuadalajara,30.51358195,999,6.290622613,23.75975607,32.92029462,66.44121894,29.9837089,31.61015231,56.84188575,30.61773532,93.2983884,65.71753426,89.19692401,90.10516852,5.257197966,57.25136472,94.42816366,94.45601579,35.32781427,41.30233629,5.250597623,43.67398668,23.18226323,28.048471,0.006157369,37.43451468,101.4157279,111.2289977,97.79835256,51.10242272,93.34858207,74.1288598,47.63056172,111.0098916,84.55861212,51.43156968,48.31953823,84.23874326,118.2781799,111.8515044,69.23828662,93.81548895,62.30042944
MuseodelaCiudaddeGuadalajara,6.026813591,6.290622613,999,0.01965306,6.371320796,75.58902605,5.96596026,6.124627081,44.69762171,6.04368402,85.30347941,54.58860476,80.76653762,81.77127709,5.801803831,66.9534235,86.55409069,86.57738125,37.4280844,26.78874993,5.566765991,29.51217872,5.254011546,6.080764752,6.27867231,28.25945767,94.30627669,105.0960237,104.6980784,39.33607034,100.4110817,64.43600843,58.36844607,116.5489775,92.63428308,53.18935462,60.20441318,92.18716243,112.7833449,117.5193107,78.87504122,100.8209005,72.63313113
MuseoPalacioOcampo,5.217403759,23.75975607,0.01965306,999,5.977835358,78.98815262,5.126412117,5.478769459,39.8470575,5.230395632,82.5825345,50.84378672,77.89526364,78.93189569,6.312479953,70.68774156,83.87902729,83.89033214,37.80805529,6.460494624,6.176823954,24.13507723,5.449869871,5.572334593,23.49150768,24.39141692,91.54976711,102.6935888,106.8846289,34.23011713,102.8978561,60.42959634,62.46153452,118.5390683,95.30804241,53.72990005,64.07042675,94.52504692,110.6261779,119.426218,81.98982324,103.2966812,76.01739178
MuseodePaleontologiadeGuadalajara,5.723307988,32.92029462,6.371320796,5.977835358,999,84.80486211,5.854301891,5.845799321,32.60915032,5.616051837,79.70244589,47.77156843,74.90425642,75.95774603,29.46944284,77.266532,81.05146685,81.01131224,35.51306668,6.247922942,26.54616559,6.364694736,6.485473688,0.019015212,32.48457681,5.95541255,87.20352732,98.76158492,109.8481259,23.81429254,106.8852826,53.32493709,69.59500134,121.7916238,99.2674066,54.39002534,69.8658655,97.25664185,107.05121,122.2603135,86.50441731,107.2842713,81.05598544
MuseodeArtedeZapopan,82.59022606,66.44121894,75.58902605,78.98815262,84.80486211,999,82.1381909,83.04569864,98.43695903,82.75661069,119.8743293,101.954631,117.1338206,117.7451759,69.1230022,6.209656839,120.6117632,120.6892544,79.73856535,88.6231795,70.74982208,90.05764125,76.72306397,82.02343824,66.78511001,87.05571563,50.84912303,53.60865537,66.58935286,95.53244498,49.646557,109.5937475,28.69219941,76.84291252,42.94364199,110.0082574,34.02570846,61.94756268,55.60784912,81.16746288,31.81173802,50.16994525,26.89892251
CasaMuseoLopezPortillo,0.008060189,29.9837089,5.96596026,5.126412117,5.854301891,82.1381909,999,0.010820833,34.54894129,0.011206167,78.87382709,45.56828786,73.97301016,75.05759107,24.45178622,74.02789729,80.22772697,80.24105666,41.90454994,6.032893798,22.99907213,6.257396991,5.778001711,5.848077189,29.77825842,24.90849618,88.48272714,100.0941127,109.4445448,30.15338909,105.3853673,56.43438812,66.17401943,120.49656,98.20528363,54.41088492,68.25231544,97.59529999,108.316865,121.487453,85.44522635,105.7616162,79.68018386
MuseodelasArtesPopularesdeJalisco,0.009984083,31.61015231,6.124627081,5.478769459,5.845799321,83.04569864,0.010820833,999,33.01463375,0.011949087,77.89656489,44.19332283,72.9394806,74.03639953,26.13962924,75.00918174,79.26645082,79.27819425,42.7623093,5.851071049,24.72950142,6.129589839,5.942099377,5.931560296,31.40664548,24.94191245,87.60585717,99.34451773,110.1090127,28.90184749,106.0772408,55.24142456,67.25490406,121.0475585,98.98000834,54.58382703,69.36266127,98.35716967,107.64924,122.0426079,86.35670714,106.4488626,80.65537977
MuseodelEjercitoyFuerzaAerea,33.85364941,56.84188575,44.69762171,39.8470575,32.60915032,98.43695903,34.54894129,33.01463375,999,33.64159273,61.03227673,25.28434324,55.24289336,56.50436455,52.92875861,91.80996527,62.68384946,62.57993559,57.59975878,22.86991045,51.49682471,6.397357564,42.91075082,37.3007346,56.60489277,36.29454675,69.91989696,84.16962731,120.6712713,6.168262582,117.6496375,29.46446322,85.52582775,52.17125029,111.5090652,57.31020898,86.99529761,110.0683946,94.1633568,52.46654579,100.8765152,117.968107,96.24846458
MuseoDeSitioDelPalacioDeGobierno,0.005816495,30.61773532,6.04368402,5.230395632,5.616051837,82.75661069,0.011206167,0.011949087,33.64159273,999,78.71626275,45.45030701,73.81060362,74.89496107,25.40961829,74.74990475,80.07523619,80.07949272,41.04791657,5.975717046,23.66442621,6.211882952,5.96242834,5.680093018,30.37009626,23.19490245,88.02797396,99.67358021,109.6560716,28.66363551,105.7780902,55.56286257,66.93761408,120.8287285,98.54240484,54.44767123,68.72446078,97.70617662,107.9327725,121.7365519,85.80383974,106.1571456,80.09878501
ZoologicoGuadalajara,78.67500788,93.2983884,85.30347941,82.5825345,79.70244589,119.8743293,78.87382709,77.89656489,61.03227673,78.71626275,999,48.19535967,5.480068358,5.099891556,90.11366235,114.8016034,0.01315986,0.013400227,95.89734865,71.58231657,89.85047221,69.94026296,82.7762387,82.39119496,93.24352727,82.52502801,41.17656969,57.67690717,55.29311272,69.96976327,53.88302457,52.02813299,110.6490653,57.69518217,52.36037999,62.32400011,113.421609,52.40656382,69.75437646,58.24389344,123.3982989,53.95950351,119.9040133
ElTejaban,45.34465048,65.71753426,54.58860476,50.84378672,47.77156843,101.954631,45.56828786,44.19332283,25.28434324,45.45030701,48.19535967,999,41.34395437,42.87161289,61.29411502,95.39802518,50.06144439,50.11763057,71.24508224,35.39594567,60.94555185,33.20274642,50.99896359,51.24136054,65.64809772,53.36803359,65.5618624,80.81941739,124.8811511,38.27972946,120.7663121,36.1960289,89.74721952,53.10419105,115.704095,58.60121568,92.97067615,115.8227148,91.22073027,53.66713917,106.0197847,121.0257775,101.5052756
AcuariodelZoologicoGuadalajara,73.76494867,89.19692401,80.76653762,77.89526364,74.90425642,117.1338206,73.97301016,72.9394806,55.24289336,73.81060362,5.480068358,41.34395437,999,0.011123407,85.84449476,111.8443049,5.828980783,5.835726985,92.07408185,66.25927611,85.56376647,64.5239331,78.10261727,77.72917486,89.13891952,77.99944879,43.88031994,61.16141042,54.46604116,64.8261765,53.02097502,47.05812646,107.4808409,56.97893508,51.42552136,61.73735746,110.3260586,51.4678236,73.25727709,57.53077296,120.743725,53.10137616,117.1025177
Antartidaelreinodelospinguinos,74.85082592,90.10516852,81.77127709,78.93189569,75.95774603,117.7451759,75.05759107,74.03639953,56.50436455,74.89496107,5.099891556,42.87161289,0.011123407,999,86.79164067,112.5045416,5.577747339,5.585375999,92.90493422,67.4356102,86.51282018,65.71993625,79.14102756,78.75420197,90.04753299,78.98399875,43.12738773,60.32000886,54.64856924,65.9396097,53.2127886,48.06338915,108.1874179,57.13848467,51.63270938,61.86609398,111.0121934,51.67395304,72.44146444,57.68879234,121.3314807,53.29236278,117.7234824
Zoologico,25.17144237,5.257197966,5.801803831,6.312479953,29.46944284,69.1230022,24.45178622,26.13962924,52.92875861,25.40961829,90.11366235,61.29411502,85.84449476,86.79164067,999,59.84299627,91.28467258,91.32441729,38.64867396,36.28527508,0.017627696,38.80164124,6.157316418,24.86860877,5.31244882,36.03695781,99.05476765,109.2401749,100.6005226,47.95841087,95.71404284,71.2350223,50.54740487,112.8090346,87.58681117,52.18461978,52.87552625,87.86500275,116.5110149,113.9400027,72.99365021,96.14509639,66.22269912
ParqueVillaFantasia,74.54701598,57.25136472,66.9534235,70.68774156,77.266532,6.209656839,74.02789729,75.00918174,91.80996527,74.74990475,114.8016034,95.39802518,111.8443049,112.5045416,59.84299627,999,115.5962332,115.6810298,73.49461429,81.06006656,61.82432144,82.62466507,67.95140818,74.28280556,57.67031125,80.13596506,122.7198179,52.04884361,74.69095847,88.90999482,60.60003359,103.9909158,6.032513978,85.02185551,53.41658741,114.9674833,28.48721718,67.33694072,54.18316074,88.93042302,38.80389418,61.07107813,30.67029131
VillaAustraliana,80.03363862,94.42816366,86.55409069,83.87902729,81.05146685,120.6117632,80.22772697,79.26645082,62.68384946,80.07523619,0.01315986,50.06144439,5.828980783,5.577747339,91.28467258,115.5962332,999,0.006570004,96.9958904,73.05840217,91.03235432,71.44494912,84.05464238,83.69784897,94.3751687,83.82208994,40.91038065,56.97374566,55.52165002,71.45711851,54.11613446,53.62582469,111.5035452,57.88795818,52.61610223,62.48811756,114.270158,52.66949878,68.95752316,58.43863207,124.127041,54.191389,120.6712514
Herpetariolatierradelosreptilesyanfibios,80.04160195,94.45601579,86.57738125,83.89033214,81.01131224,120.6892544,80.24105666,79.27819425,62.57993559,80.07949272,0.013400227,50.11763057,5.835726985,5.585375999,91.32441729,115.6810298,0.006570004,999,96.91984435,73.05457018,91.05656335,71.43369308,84.10232187,83.66918998,94.40047241,83.73413658,40.18539807,56.41819477,55.53100326,71.32922339,54.13912042,53.27434182,111.5831974,57.91059279,52.63247585,62.49116748,114.311344,52.67018649,68.50887166,58.45359809,124.163552,54.2147534,120.713173
NaturaPet,41.50468222,35.32781427,37.4280844,37.80805529,35.51306668,79.73856535,41.90454994,42.7623093,57.59975878,41.04791657,95.89734865,71.24508224,92.07408185,92.90493422,38.64867396,73.49461429,96.9958904,96.91984435,999,48.45582423,34.98035989,49.86750376,43.44910483,32.66760854,34.62283655,28.67144247,99.52877237,108.8498839,100.5132936,47.56754319,100.5027484,70.61675254,65.9640303,116.6699386,90.52874491,51.5190966,60.12022166,84.23638384,115.8308288,115.5826571,76.25561824,101.0272995,71.28460031
ZoologicodeEsculturasJuegos,5.978997932,41.30233629,26.78874993,6.460494624,6.247922942,88.6231795,6.032893798,5.851071049,22.86991045,5.975717046,71.58231657,35.39594567,66.25927611,67.4356102,36.28527508,81.06006656,73.05840217,73.05457018,48.45582423,999,35.02235298,0.014459568,24.07597589,6.464227917,41.10431499,27.48801411,81.8332987,94.4182568,114.1352082,6.481786066,110.3162344,47.37048233,73.89403162,124.4424108,103.6841571,55.63449536,76.05239887,102.9420952,103.2685167,50.17393544,91.86378184,110.6619297,86.54846483
ParqueRevolucion,23.55330746,5.250597623,5.566765991,6.176823954,26.54616559,70.74982208,22.99907213,24.72950142,51.49682471,23.66442621,89.85047221,60.94555185,85.56376647,86.51282018,0.017627696,61.82432144,91.03235432,91.05656335,34.98035989,35.02235298,999,37.53587259,6.185048215,6.47081337,5.200728983,32.48021006,98.27143044,108.5021414,100.9593654,45.71248303,96.64764997,69.79278295,52.68033506,113.5965299,88.30205446,52.22577427,53.85580114,87.82105228,115.8289163,114.4700617,73.70127922,97.08926306,67.10473585
ParqueMorelos,6.216686721,43.67398668,29.51217872,24.13507723,6.364694736,90.05764125,6.257396991,6.129589839,6.397357564,6.211882952,69.94026296,33.20274642,64.5239331,65.71993625,38.80164124,82.62466507,71.44494912,71.43369308,49.86750376,0.014459568,37.53587259,999,26.86327751,23.68908322,43.47301722,28.51265405,80.2395523,93.0561695,115.1327714,6.404073057,111.3970564,45.14049178,75.5994085,50.12625584,104.8617662,55.89339838,77.71167662,104.0560905,102.0582622,50.51630075,93.23125622,111.7373562,88.01534804
ParqueAlcalde,5.903678399,23.18226323,5.254011546,5.449869871,6.485473688,76.72306397,5.778001711,5.942099377,42.91075082,5.96242834,82.7762387,50.99896359,78.10261727,79.14102756,6.157316418,67.95140818,84.05464238,84.10232187,43.44910483,24.07597589,6.185048215,26.86327751,999,6.35401034,23.21670258,32.19340414,92.98579927,104.0493274,106.4724767,39.47046723,101.5810288,63.40784861,59.61938823,117.3895235,94.37332901,53.70722754,62.87679853,94.75299887,111.8731137,118.7033377,81.11490019,101.9604365,74.90930144
ParqueAguaAzul,5.764085793,28.048471,6.080764752,5.572334593,0.019015212,82.02343824,5.848077189,5.931560296,37.3007346,5.680093018,82.39119496,51.24136054,77.72917486,78.75420197,24.86860877,74.28280556,83.69784897,83.66918998,32.66760854,6.464227917,6.47081337,23.68908322,6.35401034,999,27.56799132,6.090022971,89.90340428,101.1002225,107.7950526,28.93009674,104.7433849,57.25810298,66.32912158,120.080105,96.87008679,53.86130149,66.43515247,94.89759142,109.1424808,120.5427848,83.68076133,105.1564434,78.03954814
ParqueExpiatorio,30.28397638,0.006157369,6.27867231,23.49150768,32.48457681,66.78511001,29.77825842,31.40664548,56.60489277,30.37009626,93.24352727,65.64809772,89.13891952,90.04753299,5.31244882,57.67031125,94.3751687,94.40047241,34.62283655,41.10431499,5.200728983,43.47301722,23.21670258,27.56799132,999,36.85780832,101.2749718,111.0957783,97.88266754,50.73803459,93.54491902,73.88216902,48.09266705,111.1717617,84.71717285,51.4428298,48.55633461,84.24636611,118.1545153,111.9648777,69.40294542,94.01358516,62.50452969
ParquedeLaLiberacion,23.92921098,37.43451468,28.25945767,24.39141692,5.95541255,87.05571563,24.90849618,24.94191245,36.29454675,23.19490245,82.52502801,53.36803359,77.99944879,78.98399875,36.03695781,80.13596506,83.82208994,83.73413658,28.67144247,27.48801411,32.48021006,28.51265405,32.19340414,6.090022971,36.85780832,999,87.62282403,98.76649952,109.7137193,24.10388631,107.9179461,53.325706,72.72262807,122.6649973,99.82148913,54.18673718,71.17779477,96.29442148,106.9184291,122.5733056,87.07725696,108.3422163,81.99427986
ParqueSanJacinto,88.12549885,101.4157279,94.30627669,91.54976711,87.20352732,50.84912303,88.48272714,87.60585717,69.91989696,88.02797396,41.17656969,65.5618624,43.88031994,43.12738773,99.05476765,122.7198179,40.91038065,40.18539807,99.52877237,81.8332987,98.27143044,80.2395523,92.98579927,89.90340428,101.2749718,87.62282403,999,27.24357656,56.87824347,75.7850835,56.07036932,52.92484289,118.7609701,59.63559875,54.407528,63.26639983,119.9222006,53.83397371,44.97754705,59.87113264,51.55908228,56.15541117,50.35262679
ParqueJardinesdelNilo,99.77079324,111.2289977,105.0960237,102.6935888,98.76158492,53.60865537,100.0941127,99.34451773,84.16962731,99.67358021,57.67690717,80.81941739,61.16141042,60.32000886,109.2401749,52.04884361,56.97374566,56.41819477,108.8498839,94.4182568,108.5021414,93.0561695,104.0493274,101.1002225,111.0957783,98.76649952,27.24357656,999,58.92634245,88.75808704,58.27144131,69.2096889,50.63985927,61.50869672,56.7385339,64.71112725,50.99064346,56.10823786,6.497657064,61.68737691,54.17278361,58.3498871,53.10825553
ParquelaCalma,109.6376418,97.79835256,104.6980784,106.8846289,109.8481259,66.58935286,109.4445448,110.1090127,120.6712713,109.6560716,55.29311272,124.8811511,54.46604116,54.64856924,100.6005226,74.69095847,55.52165002,55.53100326,100.5132936,114.1352082,100.9593654,115.1327714,106.4724767,107.7950526,97.88266754,109.7137193,56.87824347,58.92634245,999,117.329432,40.69682505,51.26449042,79.19491183,55.56930139,33.68016739,74.7592538,72.30431267,38.83694167,60.46279667,41.99424402,52.14347854,41.59083185,60.26957088
ParqueGonzalezGallo,29.15800638,51.10242272,39.33607034,34.23011713,23.81429254,95.53244498,30.15338909,28.90184749,6.168262582,28.66363551,69.96976327,38.27972946,64.8261765,65.9396097,47.95841087,88.90999482,71.45711851,71.32922339,47.56754319,6.481786066,45.71248303,6.404073057,39.47046723,28.93009674,50.73803459,24.10388631,75.7850835,88.75808704,117.329432,999,115.0047821,35.89740245,82.27026893,51.34113825,108.1329507,56.29954739,82.46513864,105.6515704,98.08901843,51.46827948,96.84898213,115.3629585,92.15571293
AndaresCentroComercial,105.6851995,93.34858207,100.4110817,102.8978561,106.8852826,49.646557,105.3853673,106.0772408,117.6496375,105.7780902,53.88302457,120.7663121,53.02097502,53.2127886,95.71404284,60.60003359,54.11613446,54.13912042,100.5027484,110.3162344,96.64764997,111.3970564,101.5810288,104.7433849,93.54491902,107.9179461,56.07036932,58.27144131,40.69682505,115.0047821,999,50.43110143,68.12399237,42.32563326,27.29336192,90.63836946,66.3855562,57.61945926,59.8904116,47.96918002,47.73677236,0.009778488,53.71502699
ForumTlaquepaque,55.80236649,74.1288598,64.43600843,60.42959634,53.32493709,109.5937475,56.43438812,55.24142456,29.46446322,55.56286257,52.02813299,36.1960289,47.05812646,48.06338915,71.2350223,103.9909158,53.62582469,53.27434182,70.61675254,47.37048233,69.79278295,45.14049178,63.40784861,57.25810298,73.88216902,53.325706,52.92484289,69.2096889,51.26449042,35.89740245,50.43110143,999,98.6147365,54.95676624,120.4334031,59.24608038,99.30556035,118.25185,80.86245914,55.11535688,111.0965454,50.54797493,107.2136164
CentroComercialPlazaPatria,66.72728482,47.63056172,58.36844607,62.46153452,69.59500134,28.69219941,66.17401943,67.25490406,85.52582775,66.93761408,110.6490653,89.74721952,107.4808409,108.1874179,50.54740487,6.032513978,111.5035452,111.5831974,65.9640303,73.89403162,52.68033506,75.5994085,59.61938823,66.32912158,48.09266705,72.72262807,118.7609701,50.63985927,79.19491183,82.27026893,68.12399237,98.6147365,999,91.06844101,59.64701621,117.7434295,23.22764281,69.23930202,52.89693529,93.99914934,42.79825543,68.62575531,33.43065266
PlazaRealCenter,120.7465932,111.0098916,116.5489775,118.5390683,121.7916238,76.84291252,120.49656,121.0475585,52.17125029,120.8287285,57.69518217,53.10419105,56.97893508,57.13848467,112.8090346,85.02185551,57.88795818,57.91059279,116.6699386,124.4424108,113.5965299,50.12625584,117.3895235,120.080105,111.1717617,122.6649973,59.63559875,61.50869672,55.56930139,51.34113825,42.32563326,54.95676624,91.06844101,999,59.46326325,81.61025502,90.29147634,78.12948964,62.89275732,31.42007846,76.00073612,41.40942374,80.74697536
LaGranPlazaFashionMall,98.4820843,84.55861212,92.63428308,95.30804241,99.2674066,42.94364199,98.20528363,98.98000834,111.5090652,98.54240484,52.36037999,115.704095,51.42552136,51.63270938,87.58681117,53.41658741,52.61610223,52.63247585,90.52874491,103.6841571,88.30205446,104.8617662,94.37332901,96.87008679,84.71717285,99.82148913,54.407528,56.7385339,33.68016739,108.1329507,27.29336192,120.4334031,59.64701621,59.46326325,999,91.74098291,53.38575313,39.1169555,58.46212072,57.48942301,28.80468705,28.71219278,37.99097721
PuntoSur,54.45075165,51.43156968,53.18935462,53.72990005,54.39002534,110.0082574,54.41088492,54.58382703,57.31020898,54.44767123,62.32400011,58.60121568,61.73735746,61.86609398,52.18461978,114.9674833,62.48811756,62.49116748,51.5190966,55.63449536,52.22577427,55.89339838,53.70722754,53.86130149,51.4428298,54.18673718,63.26639983,64.71112725,74.7592538,56.29954739,90.63836946,59.24608038,117.7434295,81.61025502,91.74098291,999,113.345208,89.37143868,65.8224504,65.14582245,101.928073,90.74987619,106.5426655
CentroMagno,68.64158472,48.31953823,60.20441318,64.07042675,69.8658655,34.02570846,68.25231544,69.36266127,86.99529761,68.72446078,113.421609,92.97067615,110.3260586,111.0121934,52.87552625,28.48721718,114.270158,114.311344,60.12022166,76.05239887,53.85580114,77.71167662,62.87679853,66.43515247,48.55633461,71.17779477,119.9222006,50.99064346,72.30431267,82.46513864,66.3855562,99.30556035,23.22764281,90.29147634,53.38575313,113.345208,999,57.2229912,53.19568167,90.77375689,31.52455424,67.10282039,6.451841035
CentroSur,97.74113238,84.23874326,92.18716243,94.52504692,97.25664185,61.94756268,97.59529999,98.35716967,110.0683946,97.70617662,52.40656382,115.8227148,51.4678236,51.67395304,87.86500275,67.33694072,52.66949878,52.67018649,84.23638384,102.9420952,87.82105228,104.0560905,94.75299887,94.89759142,84.24636611,96.29442148,53.83397371,56.10823786,38.83694167,105.6515704,57.61945926,118.25185,69.23930202,78.12948964,39.1169555,89.37143868,57.2229912,999,57.82719078,69.59389911,39.18154795,58.67351572,46.85249923
CentroComercialPlazaLomas,108.0235528,118.2781799,112.7833449,110.6261779,107.05121,55.60784912,108.316865,107.64924,94.1633568,107.9327725,69.75437646,91.22073027,73.25727709,72.44146444,116.5110149,54.18316074,68.95752316,68.50887166,115.8308288,103.2685167,115.8289163,102.0582622,111.8731137,109.1424808,118.1545153,106.9184291,44.97754705,6.497657064,60.46279667,98.08901843,59.8904116,80.86245914,52.89693529,62.89275732,58.46212072,65.8224504,53.19568167,57.82719078,999,63.04432835,56.09896451,59.96350481,55.12907535
PlazaGaleriasGuadalajara,121.6903436,111.8515044,117.5193107,119.426218,122.2603135,81.16746288,121.487453,122.0426079,52.46654579,121.7365519,58.24389344,53.66713917,57.53077296,57.68879234,113.9400027,88.93042302,58.43863207,58.45359809,115.5826571,50.17393544,114.4700617,50.51630075,118.7033377,120.5427848,111.9648777,122.5733056,59.87113264,61.68737691,41.99424402,51.46827948,47.96918002,55.11535688,93.99914934,31.42007846,57.48942301,65.14582245,90.77375689,69.59389911,63.04432835,999,74.94636043,47.77158549,80.82749438
HotelRiuPlazaGuadalajara,85.74879088,69.23828662,78.87504122,81.98982324,86.50441731,31.81173802,85.44522635,86.35670714,100.8765152,85.80383974,123.3982989,106.0197847,120.743725,121.3314807,72.99365021,38.80389418,124.127041,124.163552,76.25561824,91.86378184,73.70127922,93.23125622,81.11490019,83.68076133,69.40294542,87.07725696,51.55908228,54.17278361,52.14347854,96.84898213,47.73677236,111.0965454,42.79825543,76.00073612,28.80468705,101.928073,31.52455424,39.18154795,56.09896451,74.94636043,999,48.77380105,5.87685259
HyattRegencyAndaresGuadalajara,106.0625623,93.81548895,100.8209005,103.2966812,107.2842713,50.16994525,105.7616162,106.4488626,117.968107,106.1571456,53.95950351,121.0257775,53.10137616,53.29236278,96.14509639,61.07107813,54.191389,54.2147534,101.0272995,110.6619297,97.08926306,111.7373562,101.9604365,105.1564434,94.01358516,108.3422163,56.15541117,58.3498871,41.59083185,115.3629585,0.009778488,50.54797493,68.62575531,41.40942374,28.71219278,90.74987619,67.10282039,58.67351572,59.96350481,47.77158549,48.77380105,999,54.59940085
FiestaAmericanaGuadalajara,80.02479493,62.30042944,72.63313113,76.01739178,81.05598544,26.89892251,79.68018386,80.65537977,96.24846458,80.09878501,119.9040133,101.5052756,117.1025177,117.7234824,66.22269912,30.67029131,120.6712514,120.713173,71.28460031,86.54846483,67.10473585,88.01534804,74.90930144,78.03954814,62.50452969,81.99427986,50.35262679,53.10825553,60.26957088,92.15571293,53.71502699,107.2136164,33.43065266,80.74697536,37.99097721,106.5426655,6.451841035,46.85249923,55.12907535,80.82749438,5.87685259,54.59940085,999