,MuseoRegionaldeGuadalajara,MUSAMuseodelasArtesUniversidaddeGuadalajara,MuseodelaCiudaddeGuadalajara,MuseoPalacioOcampo,MuseodePaleontologiadeGuadalajara,MuseodeArtedeZapopan,CasaMuseoLopezPortillo,MuseodelasArtesPopularesdeJalisco,MuseodelEjercitoyFuerzaAerea,MuseoDeSitioDelPalacioDeGobierno,ZoologicoGuadalajara,ElTejaban,AcuariodelZoologicoGuadalajara,Antartidaelreinodelospinguinos,Zoologico,ParqueVillaFantasia,VillaAustraliana,Herpetariolatierradelosreptilesyanfibios,NaturaPet,ZoologicodeEsculturasJuegos,ParqueRevolucion,ParqueMorelos,ParqueAlcalde,ParqueAguaAzul,ParqueExpiatorio,ParquedeLaLiberacion,ParqueSanJacinto,ParqueJardinesdelNilo,ParquelaCalma,ParqueGonzalezGallo,AndaresCentroComercial,ForumTlaquepaque,CentroComercialPlazaPatria,PlazaRealCenter,LaGranPlazaFashionMall,PuntoSur,CentroMagno,CentroSur,CentroComercialPlazaLomas,PlazaGaleriasGuadalajara,HotelRiuPlazaGuadalajara,HyattRegencyAndaresGuadalajara,FiestaAmericanaGuadalajara
MuseoRegionaldeGuadalajara,0,11.39022643,25.45502713,16.42866107,21.10664074,14.93341721,6.836886699,7.494035741,11.56623738,6.202574951,14.59215009,12.21565918,14.18560032,14.27354718,11.11958386,14.24883147,14.70879284,14.70948202,11.99067694,24.65479882,11.04012592,29.22123585,23.49150696,21.60245008,11.37832352,11.0584831,15.44406304,16.6412381,17.81104302,11.32031078,17.32324052,12.87348334,13.64087392,19.34184996,16.49969899,21.9542591,13.78485799,16.41940492,17.60855444,19.48411421,15.22058811,17.3686571,14.70802756
MUSAMuseodelasArtesUniversidaddeGuadalajara,11.39022643,0,31.00769073,11.05020025,11.51650725,13.61961539,11.36279494,11.44741858,12.94276458,11.39563403,15.95388825,13.56613061,15.54696628,15.63527712,16.72015605,12.97026045,16.06974668,16.07262417,11.64566332,11.97905121,16.67109468,12.1167465,11.02206571,11.26372056,6.29125196,11.76108151,16.82546856,18.01529107,16.42557779,12.56928332,15.95900014,14.21495305,12.35364401,17.9868915,15.1110918,20.58950626,12.39584627,15.08193199,18.97939155,18.09646923,13.83036238,16.00670888,13.31915674
MuseodelaCiudaddeGuadalajara,25.45502713,31.00769073,0,14.49704005,33.22467523,14.33396043,24.44525981,27.26533255,12.17716044,25.74990628,15.17943422,12.79352208,14.77249218,14.86072031,22.0822545,13.65772607,15.29558011,15.29776,11.76072574,11.20015232,19.39754826,11.33849473,16.6964349,26.42268085,30.70429034,11.27443802,16.05716625,17.25280467,17.2055536,11.86724279,16.71246793,13.47244139,13.04586822,18.73346456,15.88656061,21.3626621,13.17206602,15.84155027,18.21936264,18.87067476,14.60920732,16.75837975,14.09507884
MuseoPalacioOcampo,16.42866107,11.05020025,14.49704005,0,24.63596839,14.6188702,15.79886731,18.55305431,11.89609801,16.52270348,14.93273114,12.5529601,14.52603835,14.61406269,31.57841427,13.9421589,15.04927379,15.05029799,11.78178561,36.07484949,28.3409,11.06856244,18.29152182,19.45358352,11.03711377,11.0811387,15.77782471,16.97142698,17.46842411,11.58641775,16.99499364,13.1877126,13.33059857,19.01705676,16.16115045,21.61222909,13.44595137,16.07976044,17.93737132,19.14626322,14.88005101,17.04119593,14.36925234
MuseodePaleontologiadeGuadalajara,21.10664074,11.51650725,33.22467523,24.63596839,0,15.13361732,22.78668232,22.66955906,11.50002405,19.90500627,14.68018735,12.36225777,14.27790276,14.36432787,11.33629748,14.4731651,14.79740577,14.79388966,11.65572169,29.95023331,11.18799329,33.03076379,36.963063,13.6552482,11.49343786,24.27832752,15.35659808,16.53019174,17.83779215,11.0528646,17.4685039,12.71132173,13.85770915,19.49950599,16.58566302,21.92502862,13.87854671,16.36732379,17.48878042,19.57105163,15.290933,17.51734039,14.79780155
MuseodeArtedeZapopan,14.93341721,13.61961539,14.33396043,14.6188702,15.13361732,0,14.89320301,14.97415748,16.49478649,14.94827395,19.21219684,16.88671532,18.81592449,18.90290216,13.82154741,29.06203648,19.32169463,19.33327342,14.68330162,15.491692,13.94698755,15.63063106,14.42777127,14.88302876,13.64517917,15.34266765,20.34551694,21.55574511,13.63061545,16.18462854,12.47794878,17.80547486,11.29648387,14.43775728,12.07400741,17.85819616,11.57545179,13.29416431,22.5265048,14.8075723,11.45799493,12.51063061,11.20568322
CasaMuseoLopezPortillo,6.836886699,11.36279494,24.44525981,15.79886731,22.78668232,14.89320301,0,7.820986341,11.60356331,7.981341558,14.60910367,12.22902246,14.2023675,14.29041715,11.08410463,14.20679734,14.72560834,14.72676462,12.01371774,25.56052176,11.01317084,30.17858459,21.77702513,22.70081855,11.3521943,11.10659424,15.47822072,16.6771302,17.78657396,11.37156488,17.28732393,12.91551725,13.59981866,19.30450651,16.46961146,21.93506056,13.75533342,16.40369359,17.64500764,19.45335345,15.19250973,17.33241828,14.67826855
MuseodelasArtesPopularesdeJalisco,7.494035741,11.44741858,27.26533255,18.55305431,22.66955906,14.97415748,7.820986341,0,11.5215143,8.309828978,14.52614818,12.14732211,14.11946609,14.20748378,11.1676756,14.28646385,14.64269918,14.6437064,12.06344267,22.74203505,11.0977692,27.36407031,24.07085499,23.90911165,11.43676122,11.10824333,15.3946439,16.59415218,17.87105837,11.30719534,17.37042851,12.83640525,13.68025767,19.38699237,16.55409971,22.01858797,13.83988503,16.48610748,17.56225257,19.53775361,15.27713086,17.41539667,14.76279551
MuseodelEjercitoyFuerzaAerea,11.56623738,12.94276458,12.17716044,11.89609801,11.50002405,16.49478649,11.60356331,11.5215143,0,11.55490111,13.22977256,11.12517052,12.83650206,12.92018807,12.68576776,15.80377679,13.3464199,13.33902007,12.9937467,11.006908,12.59425698,34.00921168,12.07208974,11.75368422,12.92690408,11.69834444,13.88271085,15.07564603,19.33058513,28.15870418,18.88925691,11.33604151,15.1999549,20.90792685,18.05172306,23.42480429,15.33698086,17.86587092,16.04244001,21.03781467,16.76462969,18.93481903,16.26000022
MuseoDeSitioDelPalacioDeGobierno,6.202574951,11.39563403,25.74990628,16.52270348,19.90500627,14.94827395,7.981341558,8.309828978,11.55490111,0,14.59566471,12.22196897,14.18927615,14.27714482,11.13137607,14.26532748,14.71239356,14.7127621,11.96446553,24.60173152,11.04554604,29.11226122,24.38910717,20.60544873,11.38278512,11.02267994,15.43476402,16.63047656,17.81338194,11.29502604,17.3343981,12.85762603,13.65654658,19.35414873,16.50627027,21.95277447,13.79116019,16.4156362,17.59730266,19.49113358,15.225691,17.3800778,14.71443274
ZoologicoGuadalajara,14.59215009,15.95388825,15.17943422,14.93273114,14.68018735,19.21219684,14.60910367,14.52614818,13.22977256,14.59566471,0,12.38821861,18.56498469,15.62429402,15.63610773,18.49134355,8.907289158,9.036268011,16.22295255,14.01206401,15.61041131,13.88428108,14.95002852,14.91568417,15.94830476,14.92760363,11.97183667,12.99895901,22.36791825,13.8865562,21.68398926,12.62805689,17.94031742,23.63796965,20.99093149,26.54209584,18.30450616,21.01130072,13.86996228,23.94859297,19.74697005,21.72000904,19.2165805
ElTejaban,12.21565918,13.56613061,12.79352208,12.5529601,12.36225777,16.88671532,12.22902246,12.14732211,11.12517052,12.22196897,12.38821861,0,11.98144052,12.06980866,13.24812949,16.1705567,12.50384145,12.50735624,13.98562921,11.64936053,13.22370367,11.53151139,12.56274864,12.5780696,13.5610209,12.71410771,13.55468035,14.77710953,19.98100224,11.80803328,19.3448012,11.692954,15.60035335,21.32386715,18.61560857,24.15529867,15.92059329,18.63206576,15.74512847,21.58295392,17.36349675,19.38371832,16.83561494
AcuariodelZoologicoGuadalajara,14.18560032,15.54696628,14.77249218,14.52603835,14.27790276,18.81592449,14.2023675,14.11946609,12.83650206,14.18927615,18.56498469,11.98144052,0,7.94634904,15.22946182,18.0955262,22.44139363,22.53236078,15.83020716,13.60612904,15.20346183,13.47882798,14.54356058,14.51203358,15.54136024,14.53483714,12.1288758,13.23881949,21.96163095,13.50082832,21.28609524,12.31879827,17.54150119,23.24442693,20.58694253,26.13515255,17.89882905,20.60488678,14.14485394,23.54646104,19.34142076,21.32258728,18.81149256
Antartidaelreinodelospinguinos,14.27354718,15.63527712,14.86072031,14.61406269,14.36432787,18.90290216,14.29041715,14.20748378,12.92018807,14.27714482,15.62429402,12.06980866,7.94634904,0,15.31784285,18.18241874,19.5083616,19.58609105,15.91393076,13.69379868,15.29171891,13.56630744,14.63195034,14.59889836,15.62964327,14.61851512,12.08473163,13.1800934,22.05002098,13.58249864,21.37336187,12.3801226,17.6289012,23.33095301,20.67512956,26.2233824,17.98718938,20.69277466,14.07986382,23.63439985,19.42977204,21.40977492,18.89980206
Zoologico,11.11958386,16.72015605,22.0822545,31.57841427,11.33629748,13.82154741,11.08410463,11.1676756,12.68576776,11.13137607,15.63610773,13.24812949,15.22946182,15.31784285,0,13.14703088,15.75147177,15.75541717,11.82864592,11.69783692,12.12385352,11.8372132,27.92914169,11.10462644,17.14245607,11.68426086,16.56229853,17.76074954,16.73365961,12.37369004,16.2036782,13.98484218,12.5343067,18.22277432,15.39283859,20.91377283,12.68234204,15.41924965,18.72813699,18.37424702,14.1237871,16.24907586,13.60342103
ParqueVillaFantasia,14.24883147,12.97026045,13.65772607,13.9421589,14.4731651,29.06203648,14.20679734,14.28646385,15.80377679,14.26532748,18.49134355,16.1705567,18.0955262,18.18241874,13.14703088,0,18.60066916,18.6124119,14.16387375,14.79815902,13.28545761,14.9364899,13.7325973,14.22740676,12.99851321,14.71765345,19.64170666,20.85455441,14.26053088,15.51927444,13.19957995,17.12222231,25.55390609,15.15352235,12.71724795,18.51405914,11.2860304,13.68640167,21.82603637,15.52124273,11.83733947,13.23248963,11.39836466
VillaAustraliana,14.70879284,16.06974668,15.29558011,15.04927379,14.79740577,19.32169463,14.72560834,14.64269918,13.3464199,14.71239356,8.907289158,12.50384145,22.44139363,19.5083616,15.75147177,18.60066916,0,6.402049789,16.3394304,14.12895572,15.72647056,14.00128413,15.06519999,15.03287832,16.06427444,15.04411747,11.95659549,12.95160603,22.48284841,14.00223845,21.79415331,12.73079821,18.05100357,23.74617703,21.10421572,26.65821961,18.41894136,21.12802473,13.80891404,24.06080574,19.86129523,21.82995682,19.33058215
Herpetariolatierradelosreptilesyanfibios,14.70948202,16.07262417,15.29776,15.05029799,14.79388966,19.33327342,14.72676462,14.6437064,13.33902007,14.7127621,9.036268011,12.50735624,22.53236078,19.58609105,15.75541717,18.6124119,6.402049789,0,16.33131342,14.12864973,15.7288659,14.00040155,15.06952977,15.03028813,16.06688683,15.03615925,11.91528129,12.91443686,22.48757727,13.99221544,21.80507677,12.70805254,18.06139105,23.75894711,21.11151085,26.66038724,18.42453212,21.12833172,13.77477799,24.06947302,19.86705791,21.84109673,19.33685014
NaturaPet,11.99067694,11.64566332,11.76072574,11.78178561,11.65572169,14.68330162,12.01371774,12.06344267,12.9937467,11.96446553,16.22295255,13.98562921,15.83020716,15.91393076,11.82864592,14.16387375,16.3394304,16.33131342,0,12.40422845,11.62684487,12.49172447,12.10355442,11.50311734,11.60754446,11.29542445,16.61447201,17.7116397,16.72389512,12.34979825,16.72271545,13.93664144,13.58430096,18.75046012,15.67680645,20.62667834,13.16622561,15.08171731,18.63319254,18.5987905,14.38895448,16.78159818,13.98872176
ZoologicodeEsculturasJuegos,24.65479882,11.97905121,11.20015232,36.07484949,29.95023331,15.491692,25.56052176,22.74203505,11.006908,24.60173152,14.01206401,11.64936053,13.60612904,13.69379868,11.69783692,14.79815902,14.12895572,14.12864973,12.40422845,0,11.62911602,9.652241146,11.06566692,36.20487615,11.96769574,11.23534982,14.8662011,16.06872342,18.40064646,36.82919547,17.8975702,12.33778784,14.19599814,19.91118192,17.08632469,22.54003438,14.37214416,17.00010621,17.03792495,20.06981705,15.8091551,17.94197376,15.29505365
ParqueRevolucion,11.04012592,16.67109468,19.39754826,28.3409,11.18799329,13.94698755,11.01317084,11.0977692,12.59425698,11.04554604,15.61041131,13.22370367,15.20346183,15.29171891,12.12385352,13.28545761,15.72647056,15.7288659,11.62684487,11.62911602,0,11.76669224,28.5181559,36.43654017,16.30951711,11.49320713,16.47679147,17.6681119,16.77394897,12.23765425,16.30232598,13.8729183,12.6697965,18.32797947,15.46092618,20.93178874,12.7457249,15.41507104,18.63292694,18.44610889,14.18047725,16.34940783,13.66902534
ParqueMorelos,29.22123585,12.1167465,11.33849473,11.06856244,33.03076379,15.63063106,30.17858459,27.36407031,34.00921168,29.11226122,13.88428108,11.53151139,13.47882798,13.56630744,11.8372132,14.9364899,14.00128413,14.00040155,12.49172447,9.652241146,11.76669224,0,11.20389317,11.04674947,12.10495581,11.28732655,14.72663411,15.92926585,18.53674926,34.21760935,18.03713497,12.20348531,14.33481377,20.05063018,17.22495813,22.67234299,14.51055969,17.12986865,16.89854423,20.20867508,15.94705641,18.08152898,15.43356096
ParqueAlcalde,23.49150696,11.02206571,16.6964349,18.29152182,36.963063,14.42777127,21.77702513,24.07085499,12.07208974,24.38910717,14.95002852,12.56274864,14.54356058,14.63195034,27.92914169,13.7325973,15.06519999,15.06952977,12.10355442,11.06566692,28.5181559,11.20389317,0,32.72280835,11.02373953,11.47807297,15.92212671,17.12907489,17.41826196,11.87481855,16.84420786,13.39820556,13.13158928,18.85220585,16.06408454,21.6016442,13.36018185,16.10337064,18.09930034,19.0408496,14.80296369,16.88737754,14.27831416
ParqueAguaAzul,21.60245008,11.26372056,26.42268085,19.45358352,13.6552482,14.88302876,22.70081855,23.90911165,11.75368422,20.60544873,14.91568417,12.5780696,14.51203358,14.59889836,11.10462644,14.22740676,15.03287832,15.03028813,11.50311734,36.20487615,36.43654017,11.04674947,32.72280835,0,11.23938958,26.59617796,15.61557252,16.78981689,17.58026037,11.30864022,17.21092012,12.97071389,13.61130312,19.24262639,16.32600677,21.67377998,13.61916529,16.11838283,17.74843128,19.3113995,15.03133384,17.26000147,14.53822651
ParqueExpiatorio,11.37832352,6.29125196,30.70429034,11.03711377,11.49343786,13.64517917,11.3521943,11.43676122,12.92690408,11.38278512,15.94830476,13.5610209,15.54136024,15.62964327,17.14245607,12.99851321,16.06427444,16.06688683,11.60754446,11.96769574,16.30951711,12.10495581,11.02373953,11.23938958,0,11.72925914,16.80954464,17.99801309,16.43468209,12.54629801,15.97902724,14.19504196,12.3819178,18.00786374,15.12558832,20.59428084,12.41041755,15.08262559,18.96158982,18.11133253,13.84297217,16.02703673,13.33365545
ParquedeLaLiberacion,11.0584831,11.76108151,11.27443802,11.0811387,24.27832752,15.34266765,11.10659424,11.10824333,11.69834444,11.02267994,14.92760363,12.71410771,14.53483714,14.61851512,11.68426086,14.71765345,15.04411747,15.03615925,11.29542445,11.23534982,11.49320713,11.28732655,11.47807297,26.59617796,11.72925914,0,15.39625249,16.53072892,17.82070198,11.06703413,17.59546636,12.71137142,14.10219462,19.63325045,16.6468557,21.82774023,13.98036668,16.26486185,17.47255069,19.61912307,15.34469622,17.64816542,14.88044572
ParqueSanJacinto,15.44406304,16.82546856,16.05716625,15.77782471,15.35659808,20.34551694,15.47822072,15.3946439,13.88271085,15.43476402,11.97183667,13.55468035,12.1288758,12.08473163,16.56229853,19.64170666,11.95659549,11.91528129,16.61447201,14.8662011,16.47679147,14.72663411,15.92212671,15.61557252,16.80954464,15.39625249,0,11.22302092,23.19014995,14.35009154,22.76367874,12.6855157,19.04921121,24.7743053,21.9334455,27.22303274,19.21926733,21.66095028,12.19378641,24.91971655,20.64370468,22.80783163,20.14205255
ParqueJardinesdelNilo,16.6412381,18.01529107,17.25280467,16.97142698,16.53019174,21.55574511,16.6771302,16.59415218,15.07564603,16.63047656,12.99895901,14.77710953,13.23881949,13.1800934,17.76074954,20.85455441,12.95160603,12.91443686,17.7116397,16.06872342,17.6681119,15.92926585,17.12907489,16.78981689,17.99801309,16.53072892,11.22302092,0,24.34650478,15.50465356,23.96440307,13.82817467,20.25926153,25.97989455,23.11525915,28.33754445,20.40426707,22.78331858,37.41234527,26.10105807,21.82109408,24.00953876,21.32571546
ParquelaCalma,17.81104302,16.42557779,17.2055536,17.46842411,17.83779215,13.63061545,17.78657396,17.87105837,19.33058513,17.81338194,22.36791825,19.98100224,21.96163095,22.05002098,16.73365961,14.26053088,22.48284841,22.48757727,16.72389512,18.40064646,16.77394897,18.53674926,17.41826196,17.58026037,16.43468209,17.82070198,23.19014995,24.34650478,0,18.84366697,11.94439597,20.51891954,14.63656632,12.85805183,11.55696161,14.26608853,14.06899648,11.83919204,25.29263367,12.01889817,12.63541874,11.9956335,13.1765896
ParqueGonzalezGallo,11.32031078,12.56928332,11.86724279,11.58641775,11.0528646,16.18462854,11.37156488,11.30719534,28.15870418,11.29502604,13.8865562,11.80803328,13.50082832,13.58249864,12.37369004,15.51927444,14.00223845,13.99221544,12.34979825,36.82919547,12.23765425,34.21760935,11.87481855,11.30864022,12.54629801,11.06703413,14.35009154,15.50465356,18.84366697,0,18.51917453,11.67664488,14.90493059,20.55124111,17.62213292,22.88305819,14.9222674,17.3192047,16.45700643,20.60508033,16.323757,18.56844128,15.83839394
AndaresCentroComercial,17.32324052,15.95900014,16.71246793,16.99499364,17.4685039,12.47794878,17.28732393,17.37042851,18.88925691,17.3343981,21.68398926,19.3448012,21.28609524,21.37336187,16.2036782,13.19957995,21.79415331,21.80507677,16.72271545,17.8975702,16.30232598,18.03713497,16.84420786,17.21092012,15.97902724,17.59546636,22.76367874,23.96440307,11.94439597,18.51917453,0,20.17394029,13.74562831,12.03807691,11.22552979,15.68759049,13.6154866,12.99507731,24.93169439,12.37434962,12.36013105,7.417842847,12.73658376
ForumTlaquepaque,12.87348334,14.21495305,13.47244139,13.1877126,12.71132173,17.80547486,12.91551725,12.83640525,11.33604151,12.85762603,12.62805689,11.692954,12.31879827,12.3801226,13.98484218,17.12222231,12.73079821,12.70805254,13.93664144,12.33778784,13.8729183,12.20348531,13.39820556,12.97071389,14.19504196,12.71137142,12.6855157,13.82817467,20.51891954,11.67664488,20.17394029,0,16.51415694,22.20089271,19.29509658,24.53751711,16.58986228,18.97559851,14.78086998,22.27933499,17.99811248,20.2216188,17.5086723
CentroComercialPlazaPatria,13.64087392,12.35364401,13.04586822,13.33059857,13.85770915,11.29648387,13.59981866,13.68025767,15.1999549,13.65654658,17.94031742,15.60035335,17.54150119,17.6289012,12.5343067,25.55390609,18.05100357,18.06139105,13.58430096,14.19599814,12.6697965,14.33481377,13.13158928,13.61130312,12.3819178,14.10219462,19.04921121,20.25926153,14.63656632,14.90493059,13.74562831,16.51415694,0,15.73004138,13.13349521,18.90265256,11.02427135,13.83044007,21.23004111,16.02555364,12.06553548,13.78365492,11.54364655
PlazaRealCenter,19.34184996,17.9868915,18.73346456,19.01705676,19.49950599,14.43775728,19.30450651,19.38699237,20.90792685,19.35414873,23.63796965,21.32386715,23.24442693,23.33095301,18.22277432,15.15352235,23.74617703,23.75894711,18.75046012,19.91118192,18.32797947,20.05063018,18.85220585,19.24262639,18.00786374,19.63325045,24.7743053,25.97989455,12.85805183,20.55124111,12.03807691,22.20089271,15.73004138,0,13.12082931,14.84650981,15.65351644,14.5458345,26.94891692,11.43746407,14.36787688,11.98520108,14.77078478
LaGranPlazaFashionMall,16.49969899,15.1110918,15.88656061,16.16115045,16.58566302,12.07400741,16.46961146,16.55409971,18.05172306,16.50627027,20.99093149,18.61560857,20.58694253,20.67512956,15.39283859,12.71724795,21.10421572,21.11151085,15.67680645,17.08632469,15.46092618,17.22495813,16.06408454,16.32600677,15.12558832,16.6468557,21.9334455,23.11525915,11.55696161,17.62213292,11.22552979,19.29509658,13.13349521,13.12082931,0,15.7968882,12.71525355,11.85491231,24.07441153,12.98629945,11.30222864,11.29750451,11.79195096
PuntoSur,21.9542591,20.58950626,21.3626621,21.61222909,21.92502862,17.85819616,21.93506056,22.01858797,23.42480429,21.95277447,26.54209584,24.15529867,26.13515255,26.2233824,20.91377283,18.51405914,26.65821961,26.66038724,20.62667834,22.54003438,20.93178874,22.67234299,21.6016442,21.67377998,20.59428084,21.82774023,27.22303274,28.33754445,14.26608853,22.88305819,15.68759049,24.53751711,18.90265256,14.84650981,15.7968882,0,18.29427248,15.56385726,29.25897297,13.52417367,16.88368654,15.69857492,17.42678412
CentroMagno,13.78485799,12.39584627,13.17206602,13.44595137,13.87854671,11.57545179,13.75533342,13.83988503,15.33698086,13.79116019,18.30450616,15.92059329,17.89882905,17.98718938,12.68234204,11.2860304,18.41894136,18.42453212,13.16622561,14.37214416,12.7457249,14.51055969,13.36018185,13.61916529,12.41041755,13.98036668,19.21926733,20.40426707,14.06899648,14.9222674,13.6154866,16.58986228,11.02427135,15.65351644,12.71525355,18.29427248,0,12.96835144,21.36554992,15.70092939,11.44293351,13.66888218,35.77701596
CentroSur,16.41940492,15.08193199,15.84155027,16.07976044,16.36732379,13.29416431,16.40369359,16.48610748,17.86587092,16.4156362,21.01130072,18.63206576,20.60488678,20.69277466,15.41924965,13.68640167,21.12802473,21.12833172,15.08171731,17.00010621,15.41507104,17.12986865,16.10337064,16.11838283,15.08262559,16.26486185,21.66095028,22.78331858,11.83919204,17.3192047,12.99507731,18.97559851,13.83044007,14.5458345,11.85491231,15.56385726,12.96835144,0,23.71196082,13.85762448,11.85854452,13.06666983,12.3063291
CentroComercialPlazaLomas,17.60855444,18.97939155,18.21936264,17.93737132,17.48878042,22.5265048,17.64500764,17.56225257,16.04244001,17.59730266,13.86996228,15.74512847,14.14485394,14.07986382,18.72813699,21.82603637,13.80891404,13.77477799,18.63319254,17.03792495,18.63292694,16.89854423,18.09930034,17.74843128,18.96158982,17.47255069,12.19378641,37.41234527,25.29263367,16.45700643,24.93169439,14.78086998,21.23004111,26.94891692,24.07441153,29.25897297,21.36554992,23.71196082,0,27.05944596,22.77850599,24.9772113,22.28614649
PlazaGaleriasGuadalajara,19.48411421,18.09646923,18.87067476,19.14626322,19.57105163,14.8075723,19.45335345,19.53775361,21.03781467,19.49113358,23.94859297,21.58295392,23.54646104,23.63439985,18.37424702,15.52124273,24.06080574,24.06947302,18.5987905,20.06981705,18.44610889,20.20867508,19.0408496,19.3113995,18.11133253,19.61912307,24.91971655,26.10105807,12.01889817,20.60508033,12.37434962,22.27933499,16.02555364,11.43746407,12.98629945,13.52417367,15.70092939,13.85762448,27.05944596,0,14.28133689,12.36225882,14.77781505
HotelRiuPlazaGuadalajara,15.22058811,13.83036238,14.60920732,14.88005101,15.290933,11.45799493,15.19250973,15.27713086,16.76462969,15.225691,19.74697005,17.36349675,19.34142076,19.42977204,14.1237871,11.83733947,19.86129523,19.86705791,14.38895448,15.8091551,14.18047725,15.94705641,14.80296369,15.03133384,13.84297217,15.34469622,20.64370468,21.82109408,12.63541874,16.323757,12.36013105,17.99811248,12.06553548,14.36787688,11.30222864,16.88368654,11.44293351,11.85854452,22.77850599,14.28133689,0,12.42382957,23.10326207
HyattRegencyAndaresGuadalajara,17.3686571,16.00670888,16.75837975,17.04119593,17.51734039,12.51063061,17.33241828,17.41539667,18.93481903,17.3800778,21.72000904,19.38371832,21.32258728,21.40977492,16.24907586,13.23248963,21.82995682,21.84109673,16.78159818,17.94197376,16.34940783,18.08152898,16.88737754,17.26000147,16.02703673,17.64816542,22.80783163,24.00953876,11.9956335,18.56844128,7.417842847,20.2216188,13.78365492,11.98520108,11.29750451,15.69857492,13.66888218,13.06666983,24.9772113,12.36225882,12.42382957,0,12.79422894
FiestaAmericanaGuadalajara,14.70802756,13.31915674,14.09507884,14.36925234,14.79780155,11.20568322,14.67826855,14.76279551,16.26000022,14.71443274,19.2165805,16.83561494,18.81149256,18.89980206,13.60342103,11.39836466,19.33058215,19.33685014,13.98872176,15.29505365,13.66902534,15.43356096,14.27831416,14.53822651,13.33365545,14.88044572,20.14205255,21.32571546,13.1765896,15.83839394,12.73658376,17.5086723,11.54364655,14.77078478,11.79195096,17.42678412,35.77701596,12.3063291,22.28614649,14.77781505,23.10326207,12.79422894,0
